{
 "cells": [
  {
   "cell_type": "markdown",
   "id": "b1b333bc",
   "metadata": {},
   "source": [
    "# Zadanie 1\n",
    "Zaimplementować regułę uczenia Widrowa-Hoffa (LMS). Algorytm powinien działać dla dowolnego\n",
    "wymiaru danych uczących oraz dowolnej liczby neuronów w warstwie.\n"
   ]
  },
  {
   "cell_type": "code",
   "execution_count": 1,
   "id": "4d56ee11",
   "metadata": {},
   "outputs": [],
   "source": [
    "import numpy as np\n",
    "import matplotlib.pyplot as plt\n",
    "\n",
    "class LMS:\n",
    "    def __init__(self, n):\n",
    "        self.weights = np.random.rand(n)     \n",
    "        self.bias = np.random.rand()\n",
    "        \n",
    "    def calculateArray(self, wejscie):\n",
    "        wyjscie = np.random.rand(len(wejscie))\n",
    "        for i, data in enumerate(wejscie):\n",
    "            wyjscie[i] = self.calculate(data)\n",
    "        return wyjscie\n",
    "\n",
    "    def calculate(self, wejscie):\n",
    "        answer = np.dot(wejscie, self.weights) + self.bias\n",
    "        return answer\n",
    "\n",
    "    def train(self, wejscie, answer, trainRate, n):\n",
    "        for _ in range(n):\n",
    "            op = [np.outer(x, x) for x in wejscie]\n",
    "            R = np.mean(op, axis=0)\n",
    "            h = np.mean(np.diff(wejscie))\n",
    "            for i, data in enumerate(wejscie):\n",
    "                suggestion = self.calculate(data)\n",
    "                error = answer[i] - suggestion\n",
    "                self.weights += error * trainRate * (np.dot(np.linalg.inv(R),data)-h)\n",
    "                self.bias += error * trainRate"
   ]
  },
  {
   "cell_type": "markdown",
   "id": "518485a1",
   "metadata": {},
   "source": [
    "# Zadanie 2\n",
    "Utworzyć 10-elementowy zbiór (macierz) danych wejściowych ($x_1, x_2$) oraz zbiór (wektor) wartości wzorcowych\n",
    "$y: y=2x_1+x_2-1$. Wykorzystując regułę LMS nauczyć sieć neuronową wyznaczania wartości y na podstawie\n",
    "wartości $x_1, x_2$. Przeanalizować trzy różne współczynniki uczenia i sprawdzić ich wpływ na szybkość\n",
    "(zbieżność uczenia). Która wartość jest najlepsza? Dla każdego przypadku porównać otrzymane\n",
    "wartości wag i progu z wartościami wzorcowymi. Jako ocenę dopasowania modelu podać błąd\n",
    "średniokwadratowy."
   ]
  },
  {
   "cell_type": "code",
   "execution_count": 2,
   "id": "166f79d6",
   "metadata": {},
   "outputs": [
    {
     "name": "stdout",
     "output_type": "stream",
     "text": [
      "[[0.5488135  0.71518937]\n",
      " [0.60276338 0.54488318]\n",
      " [0.4236548  0.64589411]\n",
      " ...\n",
      " [0.41443887 0.79128155]\n",
      " [0.72119811 0.48010781]\n",
      " [0.64386404 0.50177313]]\n",
      "x1: 0.81, x2: 0.48, y: 1.10, wyjscie: 1.10\n",
      "x1: 0.52, x2: 0.25, y: 0.30, wyjscie: 0.30\n",
      "x1: 0.61, x2: 0.30, y: 0.51, wyjscie: 0.51\n",
      "x1: 0.58, x2: 0.17, y: 0.32, wyjscie: 0.32\n",
      "x1: 0.16, x2: 0.42, y: -0.26, wyjscie: -0.26\n",
      "x1: 0.43, x2: 0.27, y: 0.12, wyjscie: 0.12\n",
      "x1: 0.13, x2: 0.04, y: -0.70, wyjscie: -0.70\n",
      "x1: 0.03, x2: 0.27, y: -0.68, wyjscie: -0.68\n",
      "x1: 0.46, x2: 0.73, y: 0.65, wyjscie: 0.65\n",
      "x1: 0.47, x2: 0.90, y: 0.85, wyjscie: 0.85\n"
     ]
    }
   ],
   "source": [
    "n = 2\n",
    "\n",
    "LMSnet = LMS(n)\n",
    "\n",
    "np.random.seed(0)\n",
    "\n",
    "data_input = np.random.rand(1000, 2)\n",
    "\n",
    "print(data_input)\n",
    "\n",
    "x1 = data_input[:, 0]\n",
    "x2 = data_input[:, 1]\n",
    "\n",
    "y = 2 * x1 + x2 - 1\n",
    "\n",
    "#for i in range(10):\n",
    "#    print(f\"x1: {x1[i]:.2f}, x2: {x2[i]:.2f}, y: {y[i]:.2f}\")\n",
    "\n",
    "LMSnet.train(data_input, y, trainRate=0.1, n=1000)\n",
    "\n",
    "data_input = np.random.rand(10, 2)\n",
    "\n",
    "wyjscie = LMSnet.calculateArray(data_input)\n",
    "\n",
    "x1 = data_input[:, 0]\n",
    "x2 = data_input[:, 1]\n",
    "\n",
    "y = 2 * x1 + x2 - 1\n",
    "\n",
    "for i in range(10):\n",
    "    print(f\"x1: {x1[i]:.2f}, x2: {x2[i]:.2f}, y: {y[i]:.2f}, wyjscie: {wyjscie[i]:.2f}\")"
   ]
  },
  {
   "cell_type": "markdown",
   "id": "78a60c28",
   "metadata": {},
   "source": [
    "# Zadanie 3\n",
    "Wczytać dane z pliku PS3_Dane1. Wykorzystując regułę perceptronową i regułę LMS nauczyć sieć\n",
    "klasyfikacji elementów w tym zbiorze. Porównać wyniki uzyskane dwoma metodami. Proszę\n",
    "skomentować uzyskane różnice. Uwaga: Zastanowić się nad sposobem kodowania klas."
   ]
  },
  {
   "cell_type": "code",
   "execution_count": 3,
   "id": "d2351a39",
   "metadata": {},
   "outputs": [],
   "source": [
    "class Perceptron:\n",
    "    def __init__(self, n):\n",
    "        self.weights = np.random.rand(n)\n",
    "        self.bias = np.random.rand()\n",
    "        \n",
    "    def calculateArray(self, wejscie):\n",
    "        wyjscie = np.random.rand(len(wejscie))\n",
    "        for i, data in enumerate(wejscie):\n",
    "            wyjscie[i] = self.calculate(data)\n",
    "        return wyjscie\n",
    "\n",
    "    def calculate(self, wejscie):\n",
    "        answer = np.dot(wejscie, self.weights) + self.bias\n",
    "        return answer\n",
    "\n",
    "    def train(self, wejscie, answer, trainRate, n):\n",
    "        print(self.bias)\n",
    "        for _ in range(n):\n",
    "            for i in range(len(wejscie)):\n",
    "                suggestion = self.calculate(wejscie[i])\n",
    "                error = answer[i] - suggestion\n",
    "                self.weights += trainRate * error * wejscie[i]\n",
    "                self.bias += trainRate * error\n",
    "        print(self.bias)"
   ]
  },
  {
   "cell_type": "code",
   "execution_count": 4,
   "id": "6b9e656b",
   "metadata": {},
   "outputs": [
    {
     "data": {
      "text/plain": [
       "array([[  0.5,   1. ,   0. ],\n",
       "       [  1. ,   3. ,   0. ],\n",
       "       [  1.5,   1.4,   0. ],\n",
       "       [  2. ,   6. ,   0. ],\n",
       "       [  2.5,   3.2,   0. ],\n",
       "       [  3. ,   5.6,   0. ],\n",
       "       [  3.5,   3.2,   0. ],\n",
       "       [  4. ,   8.1,   0. ],\n",
       "       [  4.5,   6.8,   0. ],\n",
       "       [  5. ,   1. ,   0. ],\n",
       "       [  5.5,   2. ,   0. ],\n",
       "       [  6. ,   8.3,   0. ],\n",
       "       [  6.5,   5.6,   0. ],\n",
       "       [  7. ,   0.3,   0. ],\n",
       "       [  7.5,   0.8,   0. ],\n",
       "       [  8. ,   5.6,   0. ],\n",
       "       [  8.5,   1.3,   0. ],\n",
       "       [  9. ,   0.4,   0. ],\n",
       "       [  9.5,   1.6,   0. ],\n",
       "       [ 10. ,   1.8,   0. ],\n",
       "       [ -0.5,  -1.3,   1. ],\n",
       "       [ -1. ,  -6.5,   1. ],\n",
       "       [ -1.5,  -2.5,   1. ],\n",
       "       [ -2. ,  -0.6,   1. ],\n",
       "       [ -2.5,  -0.7,   1. ],\n",
       "       [ -3. ,  -5.9,   1. ],\n",
       "       [ -3.5,  -8.3,   1. ],\n",
       "       [ -4. ,  -1.6,   1. ],\n",
       "       [ -4.5,  -7.6,   1. ],\n",
       "       [ -5. ,  -0.8,   1. ],\n",
       "       [ -5.5,  -3.4,   1. ],\n",
       "       [ -6. ,  -5.9,   1. ],\n",
       "       [ -6.5,  -1.5,   1. ],\n",
       "       [ -7. ,  -9.3,   1. ],\n",
       "       [ -7.5, -10. ,   1. ],\n",
       "       [ -8. ,  -4. ,   1. ],\n",
       "       [ -8.5,  -9. ,   1. ],\n",
       "       [ -9. ,  -5. ,   1. ],\n",
       "       [ -9.5,  -4. ,   1. ],\n",
       "       [-10. ,  -1. ,   1. ]])"
      ]
     },
     "execution_count": 4,
     "metadata": {},
     "output_type": "execute_result"
    }
   ],
   "source": [
    "import pandas as pd\n",
    "data = pd.read_csv('PS3_Dane1.txt', delim_whitespace=True)\n",
    "\n",
    "data = data.to_numpy()\n",
    "data"
   ]
  },
  {
   "cell_type": "code",
   "execution_count": 5,
   "id": "d281c8f5",
   "metadata": {},
   "outputs": [
    {
     "name": "stdout",
     "output_type": "stream",
     "text": [
      "[  0.5   1.    1.5   2.    2.5   3.    3.5   4.    4.5   5.    5.5   6.\n",
      "   6.5   7.    7.5   8.    8.5   9.    9.5  10.   -0.5  -1.   -1.5  -2.\n",
      "  -2.5  -3.   -3.5  -4.   -4.5  -5.   -5.5  -6.   -6.5  -7.   -7.5  -8.\n",
      "  -8.5  -9.   -9.5 -10. ]\n",
      "[  1.    3.    1.4   6.    3.2   5.6   3.2   8.1   6.8   1.    2.    8.3\n",
      "   5.6   0.3   0.8   5.6   1.3   0.4   1.6   1.8  -1.3  -6.5  -2.5  -0.6\n",
      "  -0.7  -5.9  -8.3  -1.6  -7.6  -0.8  -3.4  -5.9  -1.5  -9.3 -10.   -4.\n",
      "  -9.   -5.   -4.   -1. ]\n",
      "[0. 0. 0. 0. 0. 0. 0. 0. 0. 0. 0. 0. 0. 0. 0. 0. 0. 0. 0. 0. 1. 1. 1. 1.\n",
      " 1. 1. 1. 1. 1. 1. 1. 1. 1. 1. 1. 1. 1. 1. 1. 1.]\n",
      "0.0015945706042945762\n",
      "0.5086370467633294\n",
      "x1: 0.50, x2: 1.00, y: 0.00, wyjscie: 0.48\n",
      "x1: 1.00, x2: 3.00, y: 0.00, wyjscie: 0.46\n",
      "x1: 1.50, x2: 1.40, y: 0.00, wyjscie: 0.43\n",
      "x1: 2.00, x2: 6.00, y: 0.00, wyjscie: 0.40\n",
      "x1: 2.50, x2: 3.20, y: 0.00, wyjscie: 0.38\n",
      "x1: 3.00, x2: 5.60, y: 0.00, wyjscie: 0.35\n",
      "x1: 3.50, x2: 3.20, y: 0.00, wyjscie: 0.33\n",
      "x1: 4.00, x2: 8.10, y: 0.00, wyjscie: 0.30\n",
      "x1: 4.50, x2: 6.80, y: 0.00, wyjscie: 0.28\n",
      "x1: 5.00, x2: 1.00, y: 0.00, wyjscie: 0.26\n",
      "x1: 5.50, x2: 2.00, y: 0.00, wyjscie: 0.24\n",
      "x1: 6.00, x2: 8.30, y: 0.00, wyjscie: 0.20\n",
      "x1: 6.50, x2: 5.60, y: 0.00, wyjscie: 0.18\n",
      "x1: 7.00, x2: 0.30, y: 0.00, wyjscie: 0.17\n",
      "x1: 7.50, x2: 0.80, y: 0.00, wyjscie: 0.14\n",
      "x1: 8.00, x2: 5.60, y: 0.00, wyjscie: 0.11\n",
      "x1: 8.50, x2: 1.30, y: 0.00, wyjscie: 0.09\n",
      "x1: 9.00, x2: 0.40, y: 0.00, wyjscie: 0.07\n",
      "x1: 9.50, x2: 1.60, y: 0.00, wyjscie: 0.04\n",
      "x1: 10.00, x2: 1.80, y: 0.00, wyjscie: 0.02\n",
      "x1: -0.50, x2: -1.30, y: 1.00, wyjscie: 0.53\n",
      "x1: -1.00, x2: -6.50, y: 1.00, wyjscie: 0.57\n",
      "x1: -1.50, x2: -2.50, y: 1.00, wyjscie: 0.59\n",
      "x1: -2.00, x2: -0.60, y: 1.00, wyjscie: 0.61\n",
      "x1: -2.50, x2: -0.70, y: 1.00, wyjscie: 0.63\n",
      "x1: -3.00, x2: -5.90, y: 1.00, wyjscie: 0.66\n",
      "x1: -3.50, x2: -8.30, y: 1.00, wyjscie: 0.69\n",
      "x1: -4.00, x2: -1.60, y: 1.00, wyjscie: 0.71\n",
      "x1: -4.50, x2: -7.60, y: 1.00, wyjscie: 0.74\n",
      "x1: -5.00, x2: -0.80, y: 1.00, wyjscie: 0.75\n",
      "x1: -5.50, x2: -3.40, y: 1.00, wyjscie: 0.78\n",
      "x1: -6.00, x2: -5.90, y: 1.00, wyjscie: 0.81\n",
      "x1: -6.50, x2: -1.50, y: 1.00, wyjscie: 0.83\n",
      "x1: -7.00, x2: -9.30, y: 1.00, wyjscie: 0.86\n",
      "x1: -7.50, x2: -10.00, y: 1.00, wyjscie: 0.89\n",
      "x1: -8.00, x2: -4.00, y: 1.00, wyjscie: 0.91\n",
      "x1: -8.50, x2: -9.00, y: 1.00, wyjscie: 0.94\n",
      "x1: -9.00, x2: -5.00, y: 1.00, wyjscie: 0.96\n",
      "x1: -9.50, x2: -4.00, y: 1.00, wyjscie: 0.98\n",
      "x1: -10.00, x2: -1.00, y: 1.00, wyjscie: 1.00\n"
     ]
    }
   ],
   "source": [
    "n = 2\n",
    "\n",
    "perc = Perceptron(n)\n",
    "\n",
    "np.random.seed(0)\n",
    "\n",
    "x1 = data[:, 0]\n",
    "print(x1)\n",
    "x2 = data[:, 1]\n",
    "print(x2)\n",
    "\n",
    "y = data[:, 2]\n",
    "print(y)\n",
    "\n",
    "perc.train(data[:, 0:2], y, trainRate=0.01, n=1000)\n",
    "\n",
    "wyjscie = perc.calculateArray(data[:, 0:2])\n",
    "\n",
    "for i in range(len(wyjscie)):\n",
    "    print(f\"x1: {x1[i]:.2f}, x2: {x2[i]:.2f}, y: {y[i]:.2f}, wyjscie: {wyjscie[i]:.2f}\")"
   ]
  },
  {
   "cell_type": "code",
   "execution_count": 6,
   "id": "a87aa6dc",
   "metadata": {},
   "outputs": [
    {
     "name": "stdout",
     "output_type": "stream",
     "text": [
      "[  0.5   1.    1.5   2.    2.5   3.    3.5   4.    4.5   5.    5.5   6.\n",
      "   6.5   7.    7.5   8.    8.5   9.    9.5  10.   -0.5  -1.   -1.5  -2.\n",
      "  -2.5  -3.   -3.5  -4.   -4.5  -5.   -5.5  -6.   -6.5  -7.   -7.5  -8.\n",
      "  -8.5  -9.   -9.5 -10. ]\n",
      "[  1.    3.    1.4   6.    3.2   5.6   3.2   8.1   6.8   1.    2.    8.3\n",
      "   5.6   0.3   0.8   5.6   1.3   0.4   1.6   1.8  -1.3  -6.5  -2.5  -0.6\n",
      "  -0.7  -5.9  -8.3  -1.6  -7.6  -0.8  -3.4  -5.9  -1.5  -9.3 -10.   -4.\n",
      "  -9.   -5.   -4.   -1. ]\n",
      "[0. 0. 0. 0. 0. 0. 0. 0. 0. 0. 0. 0. 0. 0. 0. 0. 0. 0. 0. 0. 1. 1. 1. 1.\n",
      " 1. 1. 1. 1. 1. 1. 1. 1. 1. 1. 1. 1. 1. 1. 1. 1.]\n",
      "x1: 0.50, x2: 1.00, y: 0.00, wyjscie: 0.48\n",
      "x1: 1.00, x2: 3.00, y: 0.00, wyjscie: 0.39\n",
      "x1: 1.50, x2: 1.40, y: 0.00, wyjscie: 0.42\n",
      "x1: 2.00, x2: 6.00, y: 0.00, wyjscie: 0.25\n",
      "x1: 2.50, x2: 3.20, y: 0.00, wyjscie: 0.32\n",
      "x1: 3.00, x2: 5.60, y: 0.00, wyjscie: 0.22\n",
      "x1: 3.50, x2: 3.20, y: 0.00, wyjscie: 0.27\n",
      "x1: 4.00, x2: 8.10, y: 0.00, wyjscie: 0.09\n",
      "x1: 4.50, x2: 6.80, y: 0.00, wyjscie: 0.11\n",
      "x1: 5.00, x2: 1.00, y: 0.00, wyjscie: 0.28\n",
      "x1: 5.50, x2: 2.00, y: 0.00, wyjscie: 0.22\n",
      "x1: 6.00, x2: 8.30, y: 0.00, wyjscie: -0.01\n",
      "x1: 6.50, x2: 5.60, y: 0.00, wyjscie: 0.06\n",
      "x1: 7.00, x2: 0.30, y: 0.00, wyjscie: 0.21\n",
      "x1: 7.50, x2: 0.80, y: 0.00, wyjscie: 0.17\n",
      "x1: 8.00, x2: 5.60, y: 0.00, wyjscie: -0.01\n",
      "x1: 8.50, x2: 1.30, y: 0.00, wyjscie: 0.10\n",
      "x1: 9.00, x2: 0.40, y: 0.00, wyjscie: 0.11\n",
      "x1: 9.50, x2: 1.60, y: 0.00, wyjscie: 0.05\n",
      "x1: 10.00, x2: 1.80, y: 0.00, wyjscie: 0.02\n",
      "x1: -0.50, x2: -1.30, y: 1.00, wyjscie: 0.60\n",
      "x1: -1.00, x2: -6.50, y: 1.00, wyjscie: 0.80\n",
      "x1: -1.50, x2: -2.50, y: 1.00, wyjscie: 0.69\n",
      "x1: -2.00, x2: -0.60, y: 1.00, wyjscie: 0.65\n",
      "x1: -2.50, x2: -0.70, y: 1.00, wyjscie: 0.67\n",
      "x1: -3.00, x2: -5.90, y: 1.00, wyjscie: 0.87\n",
      "x1: -3.50, x2: -8.30, y: 1.00, wyjscie: 0.97\n",
      "x1: -4.00, x2: -1.60, y: 1.00, wyjscie: 0.77\n",
      "x1: -4.50, x2: -7.60, y: 1.00, wyjscie: 0.99\n",
      "x1: -5.00, x2: -0.80, y: 1.00, wyjscie: 0.79\n",
      "x1: -5.50, x2: -3.40, y: 1.00, wyjscie: 0.90\n",
      "x1: -6.00, x2: -5.90, y: 1.00, wyjscie: 1.01\n",
      "x1: -6.50, x2: -1.50, y: 1.00, wyjscie: 0.88\n",
      "x1: -7.00, x2: -9.30, y: 1.00, wyjscie: 1.16\n",
      "x1: -7.50, x2: -10.00, y: 1.00, wyjscie: 1.21\n",
      "x1: -8.00, x2: -4.00, y: 1.00, wyjscie: 1.04\n",
      "x1: -8.50, x2: -9.00, y: 1.00, wyjscie: 1.22\n",
      "x1: -9.00, x2: -5.00, y: 1.00, wyjscie: 1.11\n",
      "x1: -9.50, x2: -4.00, y: 1.00, wyjscie: 1.10\n",
      "x1: -10.00, x2: -1.00, y: 1.00, wyjscie: 1.03\n"
     ]
    }
   ],
   "source": [
    "n = 2\n",
    "\n",
    "LMSnet = LMS(n)\n",
    "\n",
    "np.random.seed(0)\n",
    "\n",
    "x1 = data[:, 0]\n",
    "print(x1)\n",
    "x2 = data[:, 1]\n",
    "print(x2)\n",
    "\n",
    "y = data[:, 2]\n",
    "print(y)\n",
    "\n",
    "LMSnet.train(data[:, 0:2], y, trainRate=0.01, n=1000)\n",
    "\n",
    "wyjscie = LMSnet.calculateArray(data[:, 0:2])\n",
    "\n",
    "for i in range(len(wyjscie)):\n",
    "    print(f\"x1: {x1[i]:.2f}, x2: {x2[i]:.2f}, y: {y[i]:.2f}, wyjscie: {wyjscie[i]:.2f}\")"
   ]
  },
  {
   "cell_type": "code",
   "execution_count": null,
   "id": "74c50202",
   "metadata": {},
   "outputs": [],
   "source": []
  }
 ],
 "metadata": {
  "kernelspec": {
   "display_name": "Python 3 (ipykernel)",
   "language": "python",
   "name": "python3"
  },
  "language_info": {
   "codemirror_mode": {
    "name": "ipython",
    "version": 3
   },
   "file_extension": ".py",
   "mimetype": "text/x-python",
   "name": "python",
   "nbconvert_exporter": "python",
   "pygments_lexer": "ipython3",
   "version": "3.11.3"
  }
 },
 "nbformat": 4,
 "nbformat_minor": 5
}
